start_date=2024-08-01
end_date=2024-10-10
lat=40.69177012023498
long=128.89888655435877
range=100.0
output_dir=/Users/amankhan/Documents/catalogs
