start_date=2020-01-01
end_date=2020-01-10
lat=37.773972
long=-122.431297
range=1500
output_dir=/Users/amankhan/Documents/catalogs
