start_date=2020-01-01
end_date=2020-01-02
lat=40.367474
long=-82.996216
range=100
output_dir=/Users/amankhan/Documents/catalogs
